90438
90565
95348
104754
117577
118066
118309
127261
127293
127328
127350
127448
127470
127511
127631
127649
127688
127712
127737
127751
127783
127840
127864
127906
127938
127960
127984
128040
128064
128089
128096
128106
128113
128145
128160
128184
128201
128265
128272
128297
128314
128353
128378
128385
128410
128473
128508
128522
128530
128554
128579
128593
128628
128642
128667
128709
128723
128755
128787
129036
129090
129100
129117
129156
129244
129332
129371
129406
129565
129621
129678
129685
129692
129727
129808
129815
129981
130000
130088
130144
130578
130592
130610
130627
130666
130698
130708
130754
130786
130803
130828
130850
130867
130899
130948
130962
130987
131003
131035
131074
131116
131148
131162
131187
131229
131243
131275
131300
131324
131349
131395
131412
131437
131451
131476
131518
131525
131532
131557
131564
131571
131596
131613
131726
131853
131878
131892
131966
131973
132046
132110
132159
132303
132590
132840
132896
133071
133184
133233
133272
133353
133554
133579
133917
133963
133995
134011
134043
134357
134396
134580
134646
134653
134678
135015
135079
135216
135520
135760
135801
135880
136080
136153
136361
136428
136756
137083
137196
137527
137534
137608
137728
137936
138714
139500
140022
140569
140939
140985
141322
142238
142502
144122
145430
145461
145609
145711
146850
147290
147677
148014
148328
148617
148913
148977
149314
149603
149963
150454
150856
151232
151786
152902
153381
153991
156209
156671
157241
157481
157805
157851
158407
162322
162523
162837
163238
163510
163559
163968
164143
166165
167747
167761
167899
168941
169198
169208
169230
169335
169342
169350
170073
170813
170891
172049
172120
172144
172514
172539
172659
172754
172850
172970
173035
173074
173187
173204
173275
173317
173356
173451
173564
173638
173726
173797
173807
173885
173927
174053
174127
174173
174198
174215
174230
174367
174374
174487
174649
174720
174832
174857
174960
175018
175071
175201
175226
175402
175561
175642
175650
175716
175836
175988
176043
176220
176340
176357
176406
176438
176445
176484
176491
176580
176597
176678
176710
176798
176879
176903
176999
177047
177329
177449
177618
177625
177784
177833
177880
177897
177914
177953
178107
178153
178192
178227
178266
178509
178636
178925
178989
179044
179076
179083
179140
179206
179245
179319
179414
179608
179647
179661
179728
179750
179774
179781
179799
179816
179862
180032
180040
180057
180064
180226
180307
180530
180561
180586
180681
180716
180723
180931
180988
181004
181036
181075
181082
181163
181205
181244
181371
181452
181526
181533
181558
181727
181773
181798
181950
181974
182022
182047
182086
182103
182135
182142
182209
182368
182375
182400
182512
182640
182696
182745
182752
182907
183001
183026
183080
183139
183266
183308
183330
183393
183548
183562
183611
183749
183756
183820
183844
183964
184044
184125
184157
184213
184238
184358
184380
184421
184478
184485
184492
184615
184781
184862
184870
184975
184990
185023
185104
185136
185263
185312
185376
185457
185496
185538
185680
185810
185873
185954
185979
186027
186122
186130
186250
186355
186404
186429
186500
186595
186651
186764
186813
186972
187052
187172
187292
187334
187359
187454
187542
187567
187831
187951
188024
188095
188105
188137
188176
188183
188218
188271
188289
188377
188480
188546
188553
188578
188627
188634
188659
188747
188761
188779
188842
188867
188994
189003
189162
189194
189211
189236
189331
189349
189356
189412
189557
189589
189613
189701
189719
189765
189807
189839
189885
189902
189910
189966
190023
190048
190055
190062
190104
190175
190231
190320
190337
190344
190418
190432
190489
190577
190591
190601
190626
190665
190672
190707
190714
190746
190753
190827
190898
190954
190993
191002
191098
191115
191122
191228
191281
191348
191362
191443
191475
191517
191549
191556
191588
191637
191683
191732
191740
191771
191789
191813
191860
191891
192038
192077
192133
192158
192165
192246
192285
192292
192366
192398
192408
192422
192430
192503
192550
192567
192581
192599
192711
192729
192743
192824
192831
192863
193000
193722
193747
193754
193761
193786
193793
193828
193867
199682
199996
200000
200049
200056
200063
200169
200218
200225
200313
200338
200345
200401
200433
200458
200514
200592
200634
200641
200666
200698
200786
200828
200835
200874
200970
200987
201204
201282
201317
201807
201885
202141
202173
202261
202416
202470
202494
202769
202776
202783
202889
202906
203064
203071
203089
203113
203177
203219
203233
203321
203410
203427
203498
203579
203593
203603
203642
203681
203794
203829
203868
203949
203995
204004
204029
204156
204283
204332
204371
204406
204445
204519
204565
204646
204678
204702
204727
204734
204759
204766
204815
204967
205030
205047
205336
205368
205618
205671
205706
205745
205752
205826
205865
205907
206026
206065
206114
206153
206227
206298
206361
206386
206403
206428
206474
206516
207767
207774
207799
207823
208016
208023
208055
208136
208143
208182
208190
208249
208256
208288
208351
208489
208552
208697
208714
208834
208841
208859
208915
208930
209034
209130
209154
209250
209299
209394
209443
209468
209500
209531
209595
209651
209757
209764
209789
209806
209813
209838
209877
209891
209901
209965
210008
210061
210103
210150
210167
210311
210382
210431
210537
210576
210625
210738
210858
210872
210914
210992
211001
211065
211097
211266
211273
211354
211516
211555
211604
211629
211675
211690
211756
211788
211925
211957
211971
211996
212037
212044
212125
212132
212164
212171
212196
212301
212333
212485
212502
212559
212566
212573
212598
212608
212679
212774
212799
212823
212862
212887
212904
212943
212982
212990
213111
213263
213288
213295
213320
213344
213369
213376
213425
213457
213464
213496
213619
213707
213785
213802
213834
213841
213908
213947
213954
213979
213993
214002
214034
214059
214098
214161
214274
214394
214436
214531
214563
214595
214612
214651
214676
214813
214884
214891
214926
214958
215119
215172
215197
215221
215246
215285
215334
215623
215670
215729
215824
215888
215944
215976
216137
216144
216225
216271
216289
216313
216345
216384
216426
216497
216546
216666
216793
216828
216867
216909
216923
216955
216970
217003
217028
217042
217050
217067
217099
217109
217116
217187
217211
217229
217243
217268
217275
217300
217324
217331
217388
217412
217420
217444
217476
217518
217532
217638
217719
217758
217853
217934
218039
218046
218053
218110
218208
218261
218536
218543
218575
218720
218984
219025
219160
219177
219233
219258
219314
219321
219459
219603
219709
219882
219924
219949
219963
220006
220045
220052
220091
220158
220172
220253
220359
220408
220503
220574
220616
220655
220790
221031
221056
221120
221289
221338
221360
221377
221391
221585
221634
221715
221722
221754
222204
222420
222518
222596
222613
222684
222701
222719
222821
222878
222910
223014
223078
223085
223092
223102
223159
223399
223470
223575
223649
223712
223737
223769
223818
223840
223857
223871
223889
223977
223991
224018
224071
224096
224113
224160
224219
224353
224427
224434
224441
224459
224508
224522
224635
224667
224716
224794
224804
224890
224931
225043
225082
225156
225188
225212
225220
225276
225325
225332
225340
225406
225438
225445
225452
225607
225653
225759
225798
225808
225822
225847
225861
225879
225886
225893
225928
226150
226181
226223
226255
226382
226495
226512
226618
226696
226760
226833
226897
227019
227033
227058
227097
227114
227121
227146
227428
227442
227467
227474
227509
227516
227523
227675
227682
227717
227731
227749
227788
227795
227876
227883
227925
228012
228051
228140
228260
228284
228358
228372
228397
228407
228446
228492
228598
228622
228647
228679
228728
228742
228774
228781
228848
228862
228911
228990
229048
229143
229182
229190
229224
229263
229295
229337
229383
229425
229538
229552
229601
229714
229778
229841
229908
229915
229922
229930
229954
229961
229986
230029
230036
230075
230100
230156
230205
230237
230244
230251
230269
230340
230357
230389
230452
230501
230597
230678
230702
230822
230861
230879
230935
230942
230974
231022
231030
231047
231079
231128
231199
231270
231417
231520
231544
231551
231569
231696
231784
231826
231833
231872
231880
231953
232019
232097
232107
232114
232210
232259
232308
232322
232330
232347
232403
232428
232450
232509
232570
232668
232675
232682
232700
232724
232731
232795
232805
232837
233051
233076
233083
233140
233213
233245
233277
233284
233301
233319
233365
233380
233414
233421
233439
233446
233453
233502
233527
233534
233559
233608
233630
233679
233750
233781
233809
233929
233943
233975
234016
234023
234048
234070
234104
234143
234190
234217
234249
234305
234337
234376
234496
234538
234552
234577
234591
234601
234633
234672
234841
234873
234898
234908
234915
234961
234986
235002
235041
235154
235161
235235
235281
235348
235362
235370
235404
235436
235443
235468
235588
235605
235612
235718
235740
235771
235796
235845
236038
236119
236165
236197
236214
236239
236302
236359
236408
236415
236422
236430
236479
236550
236574
236648
236694
236736
236800
236895
236912
236951
237031
237056
237063
237088
237137
237151
237176
237183
237225
237257
237271
237289
237306
237313
237352
237377
237458
237497
237578
237585
237659
237698
237730
237786
237909
237955
237994
238003
238035
238081
238109
238116
238187
238211
238236
238282
238290
238300
238349
238356
238420
238483
238525
238532
238596
238652
238677
238684
238691
238733
238846
238927
238966
239092
239102
239110
239141
239166
239208
239335
239462
239470
239504
239529
239568
239600
239617
239624
239649
239663
239688
239705
239737
239744
239751
239913
239960
239977
240002
240041
240073
240098
240281
240309
240348
240355
240362
240370
240524
240549
240669
240676
240813
240845
240891
240901
240919
240933
240958
240965
241052
241077
241084
241091
241239
241302
241310
241341
241366
241430
241461
241528
241648
241662
241687
241775
241800
241817
241856
241951
241969
241976
242024
242095
242112
242144
242176
242183
242264
242289
242345
242401
242426
242433
242521
242627
242698
242730
242747
242835
242842
242850
242867
242948
242955
243170
243194
243211
243243
243268
243275
243282
243300
243317
243444
243469
243476
243540
243564
243613
243638
243652
243677
243691
243701
243821
243885
243902
243927
243973
244039
244053
244102
244110
244127
244134
244141
244222
244230
244286
244293
244367
244374
244381
244448
244455
244494
244504
244511
244536
244568
244617
244631
244649
244656
244744
244776
244825
244832
244871
244913
244960
245057
245064
245071
245138
245233
245314
245346
245427
245515
245530
245547
245579
245650
245674
245762
245794
245804
245956
246029
246036
246075
246156
246205
246269
246283
246318
246357
246389
246438
246597
246621
246646
246685
246710
246734
246822
246981
247054
247079
247086
247181
247223
247294
247311
247424
247449
247463
247495
247512
247583
247632
247696
247738
247752
247819
247880
247939
247946
247978
248065
248107
248139
248153
248185
248192
248202
248241
248273
248330
248361
248442
248450
248562
248594
248636
248668
248675
248700
248717
248805
248876
248964
249012
249051
249132
249171
249213
249245
249252
249319
249372
249421
249446
249478
249492
249502
249559
249573
249608
249615
249661
249679
249742
249767
249904
249929
249936
249975
250057
250071
250096
250138
250152
250160
250177
250226
250265
250280
250392
250434
250459
250473
250498
250530
250579
250748
250787
250811
250843
250868
250917
251029
251036
251068
251075
251082
251117
251389
251413
251438
251565
251798
251808
251935
251999
252022
252086
252103
252128
252135
252150
252199
252463
252495
252505
252537
252618
252745
252760
252791
252953
253033
253058
253210
253403
253570
253643
253717
253932
254132
254319
254358
254492
254541
254598
254647
254679
254742
254823
254887
254911
255016
255129
255175
255190
255263
255418
255552
255633
255778
255930
255947
255961
256041
256059
256147
256281
256370
256468
256588
256637
257013
257084
257101
257126
257253
257310
257447
257542
257609
257616
257768
258095
258218
258345
258426
258673
258754
258850
258899
259109
259187
259243
259290
259324
259405
259420
259437
259444
259469
259476
259483
259525
259571
259927
260312
260440
260513
260827
260922
261122
261154
261203
261316
261355
261429
261475
261490
261563
261605
261644
261725
261757
261884
261891
284056
284144
284497
285331
286046
286198
286293
286494
286511
286536
286705
286744
287201
287579
287603
287890
287931
288082
288438
288565
289488
289495
289858
289939
290035
290187
290444
290780
291007
292804
292811
292875
292890
293413
293438
293460
293903
297337
297351
297440
297545
297552
297560
297619
297680
297739
297873
298130
298355
298411
298740
298933
298965
299246
299285
299327
299341
299366
299486
299736
299768
299800
299895
300082
300124
300646
300886
300974
300999
301008
302548
302700
302724
302749
302925
302964
302989
302996
303252
303774
303799
303809
303816
303936
303943
303968
303990
304055
304062
304070
304087
304111
304143
304200
304217
304231
304249
304263
304320
304369
304376
304672
304739
304778
304802
304827
304915
304993
305041
305066
305073
305108
305154
305161
305250
305281
305316
305355
305362
305436
305443
305500
305556
305595
305637
305669
305838
305877
305965
305972
305980
305997
306045
306084
306091
306101
306158
306214
306285
306302
306415
306430
306550
306581
306609
306662
306768
306800
306856
307031
307049
307257
307345
307360
307419
307426
307480
307592
307602
307641
307673
307698
307761
307828
307850
307987
308099
308123
308148
308162
308204
308229
308268
308324
308444
308476
308532
308557
308645
308652
308701
308853
308973
309007
309021
309039
309085
309448
309504
309575
309695
309889
310404
310725
311863
311895
312377
312391
313148
313187
313483
315667
315829
315836
315900
316163
316251
316318
316340
316692
317103
317551
317907
318033
318058
318114
318121
318450
318499
318548
318604
318636
318788
318805
318940
319076
319125
319164
319189
319245
319326
319365
319485
319492
319527
319573
319622
319661
319728
319781
319904
319943
320025
320057
320113
320307
320314
320402
320434
320459
320473
320515
320530
320561
320635
320642
320723
320917
321043
321090
321205
321237
321283
321413
321460
321491
321526
321639
321678
321692
321702
321822
321903
321942
321967
322054
322181
322505
322537
322576
322689
322858
322897
322921
322953
322978
323001
323033
323080
323097
323139
323146
323308
323315
323322
323354
323379
323467
323587
323668
323675
323763
323795
323812
323844
323851
323869
323957
324005
324020
324118
324157
324189
324196
324333
324407
324414
324421
324485
324492
324502
324541
324566
324573
324608
324693
324703
324750
324767
324774
324862
324887
324911
324936
324982
325009
325070
325094
325143
325190
325200
325217
325224
325256
325305
325312
325383
325432
325464
325489
325513
325584
325591
325672
325739
325778
325785
325792
325827
325859
325908
325915
325922
325930
325986
326002
326059
326098
326115
326130
326161
326316
326348
326355
326362
326370
326436
326443
326500
326517
326556
326620
326644
326725
326771
326852
326860
326877
326891
326919
326926
326980
327038
327045
327077
327084
327133
327165
327221
327246
327253
327278
327285
327334
327447
327454
327461
327535
327542
327550
327567
327574
327655
327687
327694
327768
327775
327824
327831
327969
328017
328049
328088
328095
328112
328144
328218
328225
328232
328264
328377
328472
328521
328539
328585
328592
328602
328610
328659
328761
328786
328835
328867
328874
328948
328962
329042
329050
329074
329081
329099
329194
329300
329356
329388
329420
329469
329525
329557
329564
329589
329606
329645
329814
329846
329885
329927
329941
329973
330023
330104
330129
330200
330224
330249
330305
330344
330464
330513
330538
330545
330560
330626
330721
330746
330841
330947
330961
331010
331034
331059
331073
331147
331228
331235
331242
331250
331309
331362
331404
331429
331475
331482
331500
331531
331549
331563
331605
331644
331771
331796
331838
331933
332060
332101
332180
332214
332278
332302
332408
332422
332493
332567
332574
332616
332711
332800
332983
333031
333063
333120
333137
333289
333360
333391
333458
333465
333514
333521
333539
333546
333659
333761
333850
333970
333987
334204
334268
334300
334349
334356
334388
334412
334437
334525
334652
334677
334691
334765
334772
334797
334853
334910
334959
334966
335053
335085
335134
335159
335198
335222
335247
335261
335286
335328
335342
335350
335409
335536
335575
335663
335688
335695
335840
335857
335864
335871
335960
335977
335984
336064
336113
336160
336177
336280
336307
336346
336434
336522
336561
336586
336603
336628
336667
336674
336843
336900
336956
337075
337117
337156
337220
337237
337269
337389
337438
337477
337501
344202
344227
344241
344354
344379
344428
344435
344450
344499
344548
344587
344668
344724
344788
344805
344844
344940
344989
345012
345044
345076
345125
345132
345157
345189
345284
345333
345485
345559
345735
345982
346023
346048
346129
346256
346288
346295
346418
346432
346496
346714
347002
347010
347027
347041
347073
347122
347235
347242
347250
347267
347274
347309
347323
347348
347468
347651
347732
347796
347965
348359
348461
348493
348550
348567
348581
348623
348655
348711
348800
348856
349000
349112
349144
349232
349306
349553
349585
349634
349779
349793
349803
349842
349850
350157
350252
350333
350573
350615
350630
350735
350750
350816
351048
351249
351320
351496
351506
351665
351746
351827
351834
351841
351947
351961
351979
352041
352066
352154
352193
352348
352370
352411
352468
352490
352524
352531
352588
352595
352620
352637
352725
352740
352764
352796
352806
353246
353334
353341
353366
353581
353662
354112
354144
354306
354345
354377
354507
354592
354793
354850
355067
355170
355324
355356
355420
355476
355525
355557
355606
355691
355726
355765
355878
356021
356046
356092
356166
356215
356261
356286
356342
356871
356906
357152
357258
357434
357498
357603
357674
357868
357924
357963
358011
358029
358090
358117
358251
358340
358396
358491
358565
358935
358974
358999
359223
359368
359424
359449
359456
359463
359488
359520
359551
359576
359625
359784
359907
359953
360187
360194
360405
360437
360557
360726
360780
360885
360973
361198
361303
361328
361416
361455
361462
361470
361938
361945
361977
361991
362040
362064
362392
362402
362410
362434
362441
362547
362579
362603
362635
362650
362716
362900
363646
363653
363685
363702
363710
363727
363808
363974
363981
364294
364304
364520
364618
364713
364791
364826
364992
365058
365227
365322
365386
365481
365499
365509
365555
365690
365837
365940
365989
366020
366157
366196
366252
366260
366301
366319
366421
366527
366566
366573
366598
366615
366661
366679
366735
366809
366894
367094
368059
368066
368108
368242
368355
368362
368387
368588
368612
368651
369091
369101
369119
369221
369398
369408
369422
369503
369574
369623
369743
370121
370178
370210
370234
370442
370481
370523
370562
370594
370604
370971
370996
371069
371076
371118
371125
371245
371291
371301
371319
371380
371446
371485
371502
371510
371647
371742
371774
371904
371968
372182
372249
372288
372344
372506
372601
372626
372739
372792
372834
372915
372979
373267
373274
373370
373443
373563
373588
373620
373637
373669
373740
373813
373838
374084
374214
374486
374503
374599
374648
374768
375095
375112
375120
375433
375627
376003
376187
376275
376363
376476
376518
376701
376726
376807
376839
376853
377039
377110
377286
377293
377582
377600
377695
377751
377825
377871
377938
378258
378280
378353
378385
378427
378554
378650
378723
378770
378829
378882
378900
378924
378931
379117
379212
379244
379283
379533
379572
379942
380120
380176
380313
380391
380458
381028
381074
381116
381155
381194
381268
381275
381282
381300
381395
381412
381483
381606
381613
381677
381684
381719
381780
381797
381821
381846
382021
382039
382141
382159
382293
382663
382688
382864
382938
383064
383233
383924
383963
384269
384276
384452
384580
384653
384692
384766
384847
384950
385008
385417
385520
385569
385738
385752
385858
385978
386001
386058
386153
386234
386361
386386
386393
386403
386509
386594
388136
388200
388288
388320
388506
388545
388633
388697
388746
388827
388866
389002
389130
389355
389387
389468
389620
389637
389676
389683
389725
389771
389838
389845
389958
389965
390015
390061
390079
390086
390135
390199
390209
390216
390287
390858
391121
391178
391241
391266
391330
391393
393175
394796
394806
394852
394933
394997
395013
395038
395084
395091
395101
395158
395246
395253
395285
395302
395366
395415
395447
395493
395528
395550
395670
395694
395729
395817
395856
395944
396031
396183
396225
396240
396271
396338
396345
396401
396433
396480
396521
396539
396627
396659
396698
396730
396779
396786
396835
396909
396916
396994
397003
397050
397116
397148
397187
397204
397268
397290
397324
397331
397395
397444
397518
397571
397660
397677
397719
397733
397772
397780
397821
397839
397853
397885
397892
397934
398021
398134
398159
398173
398208
398215
398293
398455
398575
398737
398744
398864
398960
398977
398991
399071
399272
399314
399339
399346
399498
399554
399603
399650
399681
399762
399836
399900
399924
399931
399956
399988
400087
400094
400104
400129
400182
400305
400369
400383
400432
400489
400506
400545
400591
400665
401010
401027
401073
401130
401193
401242
401267
401370
401500
401524
401595
401637
401669
401676
401764
401806
401997
402119
402133
402172
402207
402214
402221
402239
402359
402366
402408
402415
402430
402447
402528
402623
402648
402670
402687
402694
402736
402768
402775
402782
402800
402817
402863
402888
402895
402983
403088
403112
403183
403225
403232
403257
403313
403384
403426
403472
403521
403539
403641
403793
403828
403867
403970
404035
404123
404155
404229
404290
404317
404363
404444
404451
404476
404518
404525
404532
404638
404645
404677
404934
405046
405053
405092
405173
405198
405208
405279
405286
405335
405342
405350
405416
405448
405470
405504
405529
405536
405543
405624
405663
405712
405783
405864
405889
405906
405913
406018
406138
406233
406280
406307
406868
406890
406924
406931
406949
407036
407043
407075
407090
407100
407117
407156
407188
407195
407220
407251
407283
407340
407357
407364
407438
407501
407607
407646
407653
407678
407702
407741
407822
407830
407854
407879
407893
408135
408150
408167
408304
408368
408375
408390
408946
408953
408992
409097
409114
409121
409139
409192
409202
409234
409266
409330
409379
409393
409435
409474
409481
409548
409587
409604
409668
409700
409717
409763
409812
409851
409918
409940
410039
410078
410092
410159
410166
410367
410416
410448
410536
410624
410649
410705
410744
410776
410783
410825
410832
410840
410871
410889
410945
410960
411032
411089
411177
411201
411219
411226
411321
411441
411473
411515
411522
411530
411586
411593
411650
411667
411723
411794
411836
411843
411890
411995
412004
412036
412220
412371
412389
412413
412452
412477
412501
412621
412741
412766
412798
412822
412847
412999
413008
413079
413086
413103
413128
413199
413262
413311
413368
413375
413618
413625
413632
413664
413696
413777
413784
413826
413939
414001
414019
414058
414080
414121
414146
414178
414192
414234
414241
414298
414308
414474
414548
414555
414562
414570
414682
415083
415301
415319
415365
415608
415630
415654
415693
416048
416496
416915
417115
417203
417242
417429
417443
418119
418341
418461
418694
418704
418782
418824
418905
419120
419176
419183
419240
419264
419313
419352
420118
420213
420291
420365
420372
420453
420478
420510
420693
420767
420823
420887
420929
421087
421129
421175
421249
421305
421418
421538
421577
421626
421665
421680
421739
421753
421785
421827
421859
422122
422193
422250
422274
422299
422355
422394
422436
422490
422517
422563
422806
422919
422926
422933
422958
423013
423038
423246
423253
423310
423415
423486
423599
423824
423863
423976
424000
424151
424257
424289
424426
424497
424521
424578
424585
424634
424641
424715
424761
424867
424874
424899
425035
425081
425099
425109
425148
425155
425211
425229
425282
425324
425356
425363
425388
425405
425540
425571
425638
425645
425660
425684
425691
425807
425846
425878
425934
425973
426039
426085
426127
426198
426208
426230
426254
426261
426279
426293
426399
426423
426448
426462
426494
426568
426600
426617
426624
426631
426695
426705
426737
426751
426769
426776
426825
426864
426906
427025
427089
427096
427152
427265
427280
427339
427427
427434
427466
427586
427628
427667
427748
427770
427794
427811
427875
427917
427949
427956
428004
428043
428188
428212
428220
428251
428325
428371
428396
428685
428692
428734
428741
428798
428942
429015
429128
429343
429368
429382
429417
429463
429625
429632
429657
429671
429706
429738
429745
429791
429819
429826
429985
430081
430109
430170
430194
430243
430268
430300
430420
430451
430469
430518
430564
430613
430638
430677
430846
430853
430892
430934
431039
431053
431110
431134
431141
431215
431279
431286
431448
431511
431536
431744
431825
431896
431906
432064
432096
432113
432145
432201
432339
432378
432441
432473
432508
432642
432674
432681
432699
432762
432794
432811
432875
432924
433364
433607
433685
433692
433734
433847
433854
433981
433999
434103
434142
434294
434329
434343
434382
434456
434463
434488
434537
434569
434576
434664
434738
434745
434819
435065
435153
435192
435210
435227
435241
435393
435428
435481
435611
435717
435724
435820
435837
435876
435883
435918
435925
436037
436083
436132
436284
436319
436372
436397
437489
437496
437739
437792
437915
438034
438073
438115
438250
438676
439158
439662
439790
439912
440080
440185
440210
440273
440354
440403
440643
440763
440812
440844
441125
441206
441767
441781
441799
441823
441887
442168
442200
442256
442383
442584
442665
442714
442739
442986
443010
443130
443193
443250
443531
443556
444091
444207
444221
444454
444486
444493
444528
444662
444704
444743
444775
444824
444944
444969
445088
445137
445225
445313
445391
445458
445539
445641
445754
445786
445828
445842
445874
446074
446162
446356
446476
446571
446589
446596
446701
446758
446846
446902
446998
447021
447085
447198
447230
447261
447374
447399
447529
447582
447590
447656
447663
447737
447776
447840
447977
448018
448025
448064
448071
448089
448152
448201
451349
451420
451444
451476
451532
451571
451613
451645
451758
451846
451959
452085
452092
452127
452166
452173
452222
452335
452342
452494
452543
452590
452769
452832
452857
452977
452991
453057
453089
453106
453177
453191
453265
453441
453498
453554
453674
453699
453762
453787
453811
453875
454004
454396
457622
457686
457855
457870
457911
457943
457982
458143
458175
458200
458288
458295
458320
458383
458464
458778
458866
458898
458979
459027
459041
459130
459299
459531
459588
459605
459620
459644
459764
459813
459884
459965
459972
460047
460223
460248
460368
460880
460914
461033
461058
461080
461097
461153
461308
461643
461876
462037
465310
465454
465581
465817
468141
468159
468832
468913
470084
470158
471948
472331
474138
474307
475205
475607
475678
475759
475822
476583
477668
479626
482611
483252
483679
486038
486609
486623
487585
487602
487698
487909
488395
488451
488638
490098
490115
490161
491550
492151
493155
493317
493934
494127
494367
494374
494504
494529
494631
494952
494977
495226
495882
495931
496621
496861
497784
500684
500758
501159
502530
504872
504921
507633
507947
508203
508429
509310
509542
510065
512023
512143
512288
513436
513524
514060
514084
515183
517960
517991
519332
519340
519999
520793
522014
522649
523096
524251
524332
528256
528785
529309
530135
530368
530865
532654
533087
534355
534651
536095
537035
537081
537243
537892
541105
542878
543350
543889
545808
545830
546022
546632
548686
551181
552957
553598
554263
555122
555852
555926
556101
556239
556278
556398
556983
557144
557218
557225
557240
557546
557585
557602
557659
557754
557761
557850
557948
557955
558081
558236
558589
560901
561969
562666
565508
568643
568668
568675
568749
568756
568805
568820
568837
568844
568851
568883
568940
568964
568989
568996
569005
569012
569083
569245
569319
569365
569414
569421
569485
569492
569534
569559
569630
569661
569679
569686
569735
569774
569809
569823
569894
569911
569929
570032
570064
570096
570152
570160
570226
570233
570265
570272
570280
570297
570307
570314
570339
570385
570392
570402
570459
570473
570498
570530
570554
570586
570628
570716
570723
570770
571501
574171
575506
577221
580320
580383
582327
582408
582849
583585
584677
588209
588544
589795
590624
591032
593640
594308
594322
594548
595397
595566
595573
598398
599063
599480
600270
601925
603168
606384
608286
615928
622072
625411
626292
627602
630429
632296
634014
634303
635547
635650
636967
637505
637939
640096
641710
644647
645312
645320
645457
646309
646387
648137
648458
648955
649797
651203
652334
652542
652951
653271
654003
654050
654109
654170
654518
654589
654652
654902
655208
655350
655582
655712
655783
655818
655896
655977
656057
656106
656716
657100
657942
658400
658706
659516
660568
660906
660913
661875
662244
668736
668768
668790
670333
671111
672299
672605
672764
673623
673670
675469
675476
675733
675902
676039
676046
676141
676159
676769
676864
676913
678244
678646
679086
679093
679142
679939
680074
680204
680243
680300
680324
680589
680701
682586
684047
685298
686020
686118
686189
687263
687993
692584
692714
693901
694207
695095
695271
695507
696162
696275
696412
696606
698064
699614
700362
700387
700500
701486
701983
702850
703170
703571
704159
704590
705233
706364
707008
707054
707329
707336
708717
708756
708820
708989
709407
709990
710064
710378
711460
712199
713570
714125
714157
714372
715143
715922
716482
716644
716732
717334
718296
718345
718602
718634
719067
719268
719300
719331
719349
722599
722768
723169
723497
723546
723673
723715
723881
723962
724074
724099
724109
724726
724910
725215
725617
725832
726314
726593
727251
727558
727967
727974
729763
729837
729996
730374
730511
731579
731593
731674
732163
732276
733150
737482
739338
741087
741954
743550
743895
744144
744514
745194
745211
745229
745282
746198
750998
751039
751208
752025
752508
754463
754696
754992
755354
757337
758122
758612
759310
759359
760812
761213
761686
762070
762591
762633
763500
764207
764366
766211
766733
767208
767261
767582
767663
767712
768314
768402
768434
771437
771941
772342
772617
773032
773071
773265
773561
774011
774043
774124
774244
774942
776210
776386
777615
779242
780079
781210
781805
781925
782333
782439
782975
783560
783577
783697
784041
785060
788374
788889
791391
791923
792229
796150
796978
798157
798968
801233
803512
803791
804058
804587
804820
805277
805291
805358
806168
807098
807348
808165
808824
809401
809754
810372
811136
811665
812718
812796
812933
813133
814313
814754
815162
815420
816230
816656
816663
816688
816977
817307
817931
818340
818580
818854
819167
819199
819456
819551
819576
820613
821053
821350
823004
823734
823928
824255
824791
825001
825097
825114
825139
825146
825259
825315
825386
825428
825523
825749
825795
825851
825876
825989
826213
826647
826661
826742
826774
826799
826809
826855
826862
826975
826982
827023
827070
827143
827496
827506
827545
827633
827721
827802
827810
827873
827930
828034
828404
828411
828490
828549
828556
828637
828669
828891
828933
829101
829172
829197
829253
829302
829550
829616
829800
829831
829951
829983
830080
830121
830146
830266
830555
830668
830675
830731
830756
830851
831333
831380
831407
831478
831527
831728
831767
831774
831904
831943
832016
832070
832094
832224
832320
832344
832440
832457
832464
832489
832513
832633
832697
832947
833059
833281
833299
833355
833500
833556
833725
833771
833789
833796
833806
833845
833877
833958
833972
834038
834060
834091
834119
834165
834310
834408
834535
834550
834567
834581
834736
834775
834800
834983
836170
836733
836814
836885
837381
837529
837568
837818
838025
838385
838642
838868
839533
839685
839727
839847
839950
840458
840666
840747
840761
840803
844597
845382
845544
845752
845897
846080
848908
849274
849362
849620
850015
850745
850833
851562
852679
852693
852894
853136
853190
853217
853263
853560
853707
854073
854147
854612
854620
855670
857300
859353
859770
860479
863230
864723
867918
867957
868012
868206
869954
870325
870484
870621
871223
873118
875203
875482
875725
876045
876398
876662
878807
878941
879039
879487
880274
880436
880549
880556
880563
880764
880771
880838
880884
881013
881133
881366
881461
881493
881503
881528
881567
881648
881662
881694
881704
881736
881800
881824
881831
881856
882088
882105
882120
882151
882183
882257
882264
882289
882296
882338
882391
882401
882507
882521
882539
882641
882761
882786
882793
882923
882955
882994
883003
883035
883042
883081
883162
883170
883229
883324
883437
883444
883451
883483
883606
883638
883645
883684
883691
883780
883814
883821
884127
884198
884367
884374
884399
884409
884470
884649
884688
884751
884769
884818
884938
884991
885089
885258
885353
885385
885427
885466
885473
885547
885579
885593
885635
885642
885748
885811
885829
885875
885882
885900
885917
885924
885963
885988
886004
886043
886131
886149
886156
886357
886396
886438
886607
886621
886646
886678
886798
886808
886893
886903
886928
887008
887030
887061
887093
887142
887181
887209
887287
887329
887343
887375
887390
887456
887537
887544
887625
887632
887640
887664
887713
887752
887791
887826
887880
887985
888019
888033
888121
888178
888499
888562
888570
888611
888690
888820
888851
888869
888918
888925
888932
888957
889005
889157
889171
889189
889213
889252
889326
889380
889502
889534
889598
889608
889615
889630
889767
889781
889799
889809
889816
889904
889975
889990
890297
890307
890339
890434
890459
890498
890530
890586
890635
890642
890650
890674
890709
890755
890762
890794
890900
890917
891011
891036
891043
891131
891149
891188
891205
891237
891244
891251
891276
891283
891318
891413
891460
891526
891558
891702
891734
891741
891766
891822
891854
891861
891893
891942
892022
892030
892128
892135
892174
892199
892209
892216
892223
892248
892255
892270
892382
892424
892569
892689
892696
892706
892738
892752
892760
892777
892801
892865
892897
892914
892939
892978
892992
893001
893072
893097
893107
893139
893185
893192
893210
893227
893266
893308
893315
893474
893523
893548
893555
893611
893636
893675
893690
893749
893795
893869
893883
893940
894005
894069
894118
894260
894365
894372
894485
894502
894510
894566
894573
894693
894799
894862
894870
894887
894911
894936
895055
895062
895087
895104
895111
895136
895168
895190
895217
895224
895231
895263
895305
895337
895344
895351
895383
895418
895425
895584
895792
895873
896041
896436
896524
897077
897574
897743
898063
898391
898592
898948
898970
899003
899444
899540
900379
900925
901069
901809
902062
902898
902986
903796
903919
904038
904060
904278
904310
904648
904905
905458
905472
905585
906356
907141
907769
907825
908346
908593
908667
908804
908882
908900
908949
909004
909011
909075
909212
909340
909364
909396
909413
909815
909861
909886
909942
909999
910017
910112
910137
910338
910345
910360
910546
910592
910641
911317
911363
911444
911518
911557
911638
911684
911691
911772
911998
912141
912159
912293
912494
912504
912582
912906
912952
913113
913177
913226
913280
913392
913593
913603
913681
913709
913716
913762
914043
914082
914117
914163
914364
914371
914491
914572
914639
914653
914727
914741
914773
914879
914903
914935
914942
915015
915086
915223
915262
915400
915495
915512
915551
915632
915689
915713
915752
915760
915872
915897
915914
915978
916033
916058
916139
916153
916227
916308
916315
916354
916428
916442
916499
916516
916548
916668
916690
916749
916788
916837
916876
917020
917051
917125
917252
917284
917446
917485